0
383
1022
1298
1883
2180
2401
2432
2729
2823
3043
4478
4800
4801
5120
5121
5440
5441
5760
5761
6310
6560
6953
7203
7483
7637
7700
8106
8126
8164
8350
8447
8530
8556
8656
8907
9223
9447
10131
10132
10325
11947
12045
12177
12853
13398
13801
14206
14420
15394
15646
15650
15848
16123
16286
16683
17244
17413
17417
17503
17559
18513
18784
18900
18948
19116
19208
19523
19585
19601
19907
20173
20742
20790
20791
20910
20936
21950
22342
22480
22799
22800
22801
23003
23120
23121
23755
24029
24626
24711
24765
25178
25346
25645
26411
26503
27241
27683
28052
28294
28444
28577
28613
28614
28615
28665
28875
28934
29105
29806
29968
30350
30392
30443
30929
31338
32147
33986
37118
37514
38538
38603
38715
38747
39025
39149
39609
39861
40030
40135
40284
40350
40670
40674
40978
41639
41796
41957
42566
42689
42766
43766
43798
44044
44195
44360
44376
44380
44442
44562
44841
45316
45910
45935
46595
46810
47011
47624
47628
47713
47982
48976
49571
49779
50200
50448
50741
51559
52191
52531
52773
52788
53963
54056
55387
55395
55522
56683
56732
56890
57589
57711
57857
58006
58726
58738
60042
60080
60211
60338
60342
60346
60350
61000
61004
61056
61159
61437
61650
61736
61838
62339
63094
63121
63667
63671
63983
64285
64289
64382
65629
65999
66050
66104
66480
66542
67027
67046
67462
67824
68247
70084
71129
71507
72175
72179
72236
72530
72834
72966
74794
75659
75660
75841
75979
75980
76611
78141
78681
79505
79970
80138
80611
81337
81430
